%YAML:1.0
calibration_time: "Wed 10 Jun 2015 04:35:12 PM BRT"
nframes: 10
image_width: 640
image_height: 480
board_width: 9
board_height: 6
square_size: 7.0000002160668373e-03
flags: 0
camera_matrix: !!opencv-matrix
   rows: 3
   cols: 3
   dt: d
   data: [ 7.6694117709815544e+02, 0., 2.7675143216737217e+02, 0.,
       1.0643065745762440e+03, 2.4340378526962658e+02, 0., 0., 1. ]
distortion_coefficients: !!opencv-matrix
   rows: 5
   cols: 1
   dt: d
   data: [ -1.1630400674203886e-02, 9.2580446821884443e+00,
       9.4553335991617068e-02, -6.2410196727181746e-02,
       -3.3790623629448100e+02 ]
avg_reprojection_error: 2.5592318759769028e-01
per_view_reprojection_errors: !!opencv-matrix
   rows: 10
   cols: 1
   dt: f
   data: [ 3.48712534e-01, 3.27945709e-01, 2.64725119e-01,
       2.34378859e-01, 2.41735309e-01, 2.21029907e-01, 2.25756675e-01,
       2.33773351e-01, 2.04824463e-01, 2.14349791e-01 ]
# a set of 6-tuples (rotation vector + translation vector) for each view
extrinsic_parameters: !!opencv-matrix
   rows: 10
   cols: 6
   dt: d
   data: [ 3.4873829853529403e-01, -1.2315474938657924e-03,
       3.1337826920381198e+00, 2.7618214081037529e-02,
       3.6674881684388527e-03, 3.0478004399492392e-01,
       -3.3703143357255544e-01, -2.3066496157759284e-02,
       -3.1043977684741071e+00, 3.1971775302468038e-02,
       5.3563497919341110e-03, 3.0957432215723385e-01,
       -3.4742408162791100e-01, -5.6312484653533390e-02,
       -3.1017964528140709e+00, 3.4727319693386251e-02,
       7.8208514731230427e-03, 3.0865128459818669e-01,
       -3.4940945108455818e-01, -6.9436383173114541e-02,
       -3.1049031293546774e+00, 3.6342997017557728e-02,
       8.6776904287360710e-03, 3.0964558695653666e-01,
       -3.5074947930839556e-01, -7.3282562752850874e-02,
       -3.1043856058746924e+00, 3.8641753923395618e-02,
       8.4965413124083768e-03, 3.1544846410742355e-01,
       -3.4380630215882851e-01, -7.7422102540312551e-02,
       -3.1085944287185843e+00, 4.0046585885089497e-02,
       1.0111749637924839e-02, 3.1716907027672880e-01,
       -3.4483295201325420e-01, -1.0248975482272552e-01,
       -3.1043828968238909e+00, 4.0444943249309022e-02,
       1.0727275871452736e-02, 3.1771718721848358e-01,
       -3.3041030759454448e-01, -9.2898123274071598e-02,
       -3.1064432563892441e+00, 3.9179444958802906e-02,
       1.1034784299378857e-02, 3.1862933336628996e-01,
       -3.1846687540736596e-01, -9.0626855296851855e-02,
       -3.1101726080495404e+00, 3.9608294848888302e-02,
       1.0692436042562148e-02, 3.2101998718664276e-01,
       -3.3136724098590753e-01, -7.9514142772025925e-02,
       -3.1105408657026983e+00, 3.9641870061700349e-02,
       1.0040621857221132e-02, 3.2154284476714867e-01 ]
image_points: !!opencv-matrix
   rows: 10
   cols: 54
   dt: "2f"
   data: [ 3.46242126e+02, 2.56950287e+02, 3.28872437e+02,
       2.56460846e+02, 3.11751892e+02, 2.55982742e+02, 2.94487122e+02,
       2.55374466e+02, 2.77554016e+02, 2.55106171e+02, 2.60550629e+02,
       2.54677597e+02, 2.43605255e+02, 2.54471130e+02, 2.26658249e+02,
       2.54367584e+02, 2.10065155e+02, 2.54012192e+02, 3.45749847e+02,
       2.32654282e+02, 3.28623840e+02, 2.32186890e+02, 3.11505493e+02,
       2.31753891e+02, 2.94481689e+02, 2.31281509e+02, 2.77573822e+02,
       2.31022812e+02, 2.60787384e+02, 2.30628326e+02, 2.44033081e+02,
       2.30560745e+02, 2.27291672e+02, 2.30454849e+02, 2.10586166e+02,
       2.30435593e+02, 3.45357880e+02, 2.08661972e+02, 3.28323547e+02,
       2.08345825e+02, 3.11344910e+02, 2.07955002e+02, 2.94417450e+02,
       2.07616180e+02, 2.77641388e+02, 2.07419754e+02, 2.61077759e+02,
       2.07255142e+02, 2.44373077e+02, 2.07056900e+02, 2.27756470e+02,
       2.06949753e+02, 2.11077347e+02, 2.06808167e+02, 3.44956024e+02,
       1.84944519e+02, 3.27940247e+02, 1.84595566e+02, 3.11200378e+02,
       1.84418854e+02, 2.94313171e+02, 1.84189713e+02, 2.77690826e+02,
       1.83998932e+02, 2.61191772e+02, 1.83810272e+02, 2.44645676e+02,
       1.83794510e+02, 2.28040298e+02, 1.83639160e+02, 2.11638916e+02,
       1.83676849e+02, 3.44443298e+02, 1.61776947e+02, 3.27754242e+02,
       1.61533218e+02, 3.10818665e+02, 1.61353882e+02, 2.94319855e+02,
       1.61372971e+02, 2.77694305e+02, 1.61296555e+02, 2.61371307e+02,
       1.61145477e+02, 2.44789871e+02, 1.61102036e+02, 2.28420822e+02,
       1.60975937e+02, 2.12101852e+02, 1.60807938e+02, 3.43911194e+02,
       1.39133484e+02, 3.27326233e+02, 1.38658676e+02, 3.10784180e+02,
       1.38634232e+02, 2.94181183e+02, 1.38553909e+02, 2.77713043e+02,
       1.38500092e+02, 2.61362030e+02, 1.38524780e+02, 2.45088379e+02,
       1.38486130e+02, 2.28679291e+02, 1.38441742e+02, 2.12649246e+02,
       1.38560379e+02, 3.55568390e+02, 2.62773468e+02, 3.38551849e+02,
       2.61987000e+02, 3.21688873e+02, 2.61405945e+02, 3.04687683e+02,
       2.60579773e+02, 2.88109985e+02, 2.60128662e+02, 2.71337067e+02,
       2.59478058e+02, 2.54610855e+02, 2.59121918e+02, 2.37972076e+02,
       2.58583893e+02, 2.21590790e+02, 2.58301544e+02, 3.55286926e+02,
       2.38711914e+02, 3.38464752e+02, 2.38236664e+02, 3.21554840e+02,
       2.37462677e+02, 3.04827606e+02, 2.36998169e+02, 2.88240265e+02,
       2.36416473e+02, 2.71698425e+02, 2.35663147e+02, 2.55159393e+02,
       2.35565689e+02, 2.38624252e+02, 2.35111862e+02, 2.22175369e+02,
       2.34900513e+02, 3.54858765e+02, 2.15183365e+02, 3.38255249e+02,
       2.14572113e+02, 3.21518982e+02, 2.14181488e+02, 3.04841919e+02,
       2.13665405e+02, 2.88398193e+02, 2.12968735e+02, 2.72085876e+02,
       2.12695160e+02, 2.55549759e+02, 2.12326584e+02, 2.39224640e+02,
       2.12278717e+02, 2.22705292e+02, 2.11632004e+02, 3.54747620e+02,
       1.91832642e+02, 3.38018829e+02, 1.91356476e+02, 3.21450836e+02,
       1.90919037e+02, 3.04909515e+02, 1.90402359e+02, 2.88583527e+02,
       1.90234543e+02, 2.72263367e+02, 1.89652359e+02, 2.55985123e+02,
       1.89541992e+02, 2.39645569e+02, 1.89239380e+02, 2.23560196e+02,
       1.88870193e+02, 3.54391602e+02, 1.69098831e+02, 3.37945557e+02,
       1.68537582e+02, 3.21339783e+02, 1.68349030e+02, 3.04951904e+02,
       1.67900192e+02, 2.88640839e+02, 1.67595474e+02, 2.72565063e+02,
       1.67400742e+02, 2.56275909e+02, 1.66968475e+02, 2.40181519e+02,
       1.66786972e+02, 2.24030029e+02, 1.66431244e+02, 3.53926941e+02,
       1.46629059e+02, 3.37587891e+02, 1.45973755e+02, 3.21378967e+02,
       1.45802139e+02, 3.04969055e+02, 1.45441635e+02, 2.88821808e+02,
       1.45355835e+02, 2.72675201e+02, 1.45160507e+02, 2.56624207e+02,
       1.44763458e+02, 2.40504120e+02, 1.44507797e+02, 2.24696762e+02,
       1.44512268e+02, 3.62291962e+02, 2.71337952e+02, 3.45354523e+02,
       2.70561157e+02, 3.28442963e+02, 2.69990387e+02, 3.11497742e+02,
       2.69239807e+02, 2.94890656e+02, 2.68618378e+02, 2.78239410e+02,
       2.68105347e+02, 2.61509857e+02, 2.67601746e+02, 2.44745316e+02,
       2.67317047e+02, 2.28385803e+02, 2.66732697e+02, 3.62079132e+02,
       2.47327957e+02, 3.45324860e+02, 2.46646744e+02, 3.28413147e+02,
       2.45933228e+02, 3.11635925e+02, 2.45434799e+02, 2.95169556e+02,
       2.44811447e+02, 2.78544678e+02, 2.44363983e+02, 2.62043365e+02,
       2.44067078e+02, 2.45519928e+02, 2.43562683e+02, 2.29140015e+02,
       2.43431915e+02, 3.61712006e+02, 2.23607254e+02, 3.45108887e+02,
       2.23071747e+02, 3.28429321e+02, 2.22568573e+02, 3.11794189e+02,
       2.22033875e+02, 2.95353699e+02, 2.21465927e+02, 2.78992218e+02,
       2.21120468e+02, 2.62480164e+02, 2.20720840e+02, 2.46147354e+02,
       2.20433716e+02, 2.29687302e+02, 2.20120773e+02, 3.61586914e+02,
       2.00284821e+02, 3.44834564e+02, 1.99634506e+02, 3.28417145e+02,
       1.99329330e+02, 3.11836578e+02, 1.98778732e+02, 2.95543304e+02,
       1.98485428e+02, 2.79309265e+02, 1.98156067e+02, 2.62962891e+02,
       1.97732193e+02, 2.46582321e+02, 1.97361023e+02, 2.30467819e+02,
       1.97234451e+02, 3.61390808e+02, 1.77352951e+02, 3.44867645e+02,
